0110605
0510242
0606016
0607064
0705.2724
0706.0366
0707.1051
0707.1532
0708.0046
0710.0485
0712.0380
0712.2771
0803.1364
0803.3697
0804.1110
0804.2288
0806.0185
0806.2914
0901.1945
0902.1360
0903.2243
0903.2910
0905.2997
0907.2196
0907.4818
0908.4580
0910.1191
0911.3100
0911.3249
0911.4503
1004.1292
1006.4884
1009.1446
1009.3753
1011.1941
1011.1996
1011.3177
1102.1465
1102.2846
1102.5031
1102.5549
1103.1303
1105.5065
1106.2489
1106.4509
1107.0302
1107.5474
1108.1262
1109.2825
1111.0693
1111.5110
1112.0076
1112.6390
1201.0317
1201.3851
1201.6655
1203.2228
1203.6098
1204.3463
1204.3496
1205.3212
1205.4750
1206.2305
1206.4810
1206.6814
1208.0799
1209.4203
1210.1016
1210.4854
1210.4900
1211.4000
1211.6496
1212.6018
1301.0594
1301.1936
1301.2954
1302.4175
1303.7177
1305.1998
1305.6831
1306.6259
1307.4518
1307.6134
1307.6539
1309.2627
1310.1444
1310.4461
1310.6998
1311.1131
1311.2550
1312.3989
1312.4699
1402.6028
1403.7642
1403.7676
1403.8125
1404.2885
1404.7493
1405.0231
1405.0352
1405.2384
1406.3402
1406.4643
1406.7584
1409.0892
1409.1465
1409.4857
1409.5936
1409.7635
1410.8042
1411.1168
1411.1243
1411.1316
1411.3615
1411.6243
1412.0248
1501.05831
1501.07179
1502.05886
1503.01331
1503.03509
1503.07642
1504.01070
1504.05872
1505.00475
1505.01147
1505.04137
1505.06918
1506.00166
1507.00244
1507.00634
1507.02896
1507.06350
1507.08713
1508.02171
1509.06279
1509.07265
1510.02172
1511.04351
1511.05191
1511.06262
1512.00894
1512.07208
1601.00574
1601.04203
1601.04302
1602.04000
1602.06994
1602.08754
1603.00119
1603.05583
1603.06183
1603.07593
1603.08821
1604.01455
1604.03186
1604.03614
1604.05016
1604.05090
1604.07949
1605.00998
1605.06443
1606.02011
1606.02825
1606.07381
1608.03793
1609.00869
1609.01176
1609.03471
1609.04078
1609.04640
1609.07480
1609.08773
1609.09830
1610.00825
1610.02653
1610.06272
1610.06833
1610.08558
1610.09225
1610.10029
1611.09130
1612.00186
1612.00796
1612.06454
1612.07543
1612.08555
1701.02740
1701.02814
1701.03363
1701.05976
1701.07555
1701.08055
1701.08421
1702.05662
1702.05982
1702.07460
1702.07810
1703.01170
1703.02403
1703.03400
1703.04115
1704.00197
1704.00583
1704.01420
1704.02030
1704.04833
1705.03918
1705.04356
1705.05666
1705.05831
1705.08079
1705.09975
1706.00327
1706.01625
1706.02447
1706.04336
1706.04599
1706.04943
1707.00529
1707.01457
1707.01855
1707.06887
1708.00489
1708.02715
1708.03813
1709.07150
1709.09002
1710.00001
1710.00431
1710.01503
1710.01786
1710.01787
1710.02255
1710.02784
1710.02824
1710.02838
1710.02950
1710.04818
1710.05204
1710.05284
1710.06056
1710.06551
1710.08749
1710.09901
1710.10044
1711.05865
1711.06498
1711.06664
1711.11122
1712.05879
1801.05948
1801.06737
1801.07104
1801.09005
1802.00527
1802.00967
1802.00998
1802.03913
1802.04687
1802.04987
1802.06807
1802.07024
1802.07039
1802.07107
1802.08664
1802.08765
1802.08848
1803.01422
1803.01984
1803.02940
1803.05068
1803.06730
1803.07041
1803.08355
1804.03247
1804.04226
1804.07748
1805.01271
1805.02501
1805.05456
1805.08937
1805.09091
1806.01930
1806.05293
1806.06696
1806.06923
1806.08059
1806.10648
1807.01623
1807.03152
1807.05059
1807.05265
1807.07536
1807.08912
1807.09236
1807.09809
1807.11729
1808.00111
1808.02932
1808.02933
1808.07501
1808.08104
1809.03561
1809.06699
1809.07751
1809.08016
1809.08039
1810.00908
1810.08032
1810.12068
1810.12850
1811.01811
1811.02885
1811.03136
1811.03931
1811.11850
1811.12516
1812.00778
1812.05170
1812.10371
1901.02001
1901.02776
1901.02858
1901.03645
1901.04153
1901.04695
1901.06278
1901.07329
1901.09113
1901.09192
1901.09890
1902.02020
1902.04256
1902.04489
1902.07378
1902.08081
1902.08102
1902.10067
1902.10106
1903.06334
1903.07218
1903.07746
1903.10889
1904.02855
1904.06019
1904.06628
1904.08916
1904.09235
1904.10644
1905.03222
1905.03325
1905.03628
1905.07886
1905.09561
1905.10964
1905.11397
1905.11481
1905.12131
1906.01760
1906.02179
1906.02530
1906.02746
1906.03339
1906.03671
1906.03979
1906.05029
1906.08158
1906.11373
1907.00208
1907.01221
1907.01274
1907.01615
1907.03698
1907.05082
1907.05326
1907.11180
1907.11769
1907.12888
1908.00939
1908.02144
1908.05745
1908.07372
1908.08147
1908.08684
1908.08980
1908.08991
1908.11490
1909.02343
1909.03555
1909.03725
1909.03802
1909.06722
1909.06853
1909.10631
1909.12938
1910.01863
1910.02600
1910.03203
1910.03400
1910.03779
1910.06081
1910.07325
1910.07410
1910.07912
1910.08858
1910.10562
1910.12337
1910.12622
1911.01815
1911.03959
1911.04541
1911.08138
1911.08791
1911.11253
1912.01603
1912.02076
1912.04465
1912.04871
1912.05129
1912.05642
1912.06806
1912.07441
1912.08394
1912.08726
1912.10417
2001.04197
2001.04226
2001.06517
2001.09097
2001.10039
2001.10623
2002.01193
2002.03448
2002.04148
2002.05578
2002.08097
2002.09405
2002.10394
2002.12860
2003.00083
2003.01712
2003.02455
2003.02743
2003.03271
2003.03685
2003.05854
2003.06505
2003.08087
2003.09384
2003.10294
2003.10791
2003.10865
2003.13962
2004.03019
2004.04147
2004.06172
2004.06857
2004.08428
2004.08607
2004.09225
2004.09368
2004.09776
2004.10299
2004.12099
2004.14048
2004.14108
2005.04020
2005.04544
2005.07742
2005.09024
2005.11698
2005.12524
2005.12661
2005.12853
2006.01862
2006.03682
2006.04551
2006.04779
2006.06707
2006.07513
2006.08189
2006.08806
2006.10782
2006.11909
2006.12471
2006.13763
2006.16597
2007.00267
2007.03412
2007.05507
2007.10257
2007.10550
2007.14870
2007.15508
2008.00851
2008.01485
2008.01903
2008.02870
2008.03033
2008.04216
2008.04524
2008.05105
2008.05203
2008.05417
2008.07386
2008.07870
2008.09858
2008.10423
2008.13005
2009.00550
2009.01206
2009.03228
2009.05140
2009.05224
2009.06750
2009.07947
2010.00526
2010.00781
2010.02193
2010.02952
2010.08395
2010.08527
2010.08784
2010.09107
2010.10435
2010.10739
2010.11187
2010.12508
2010.13629
2010.15677
2010.15779
2011.00432
2011.01324
2011.02077
2011.02122
2011.03645
2011.06430
2011.09192
2011.09588
2011.09937
2011.10336
2011.11178
2011.11277
2011.11691
2011.14048
2012.00253
2012.01643
2012.04378
2012.04380
2012.04455
2012.06366
2012.09393
2012.10531
2012.11717
2012.12499
2012.14949
2101.00400
2101.02104
2101.02476
2101.02703
2101.05388
2101.08175
2101.08954
2101.09855
2101.10385
2101.12523
2102.03453
2102.05107
2102.05135
2102.07081
2102.07545
2102.07738
2102.09288
2102.13625
2103.00083
2103.00085
2103.03780
2103.04349
2103.04647
2103.06023
2103.13736
2103.14430
2103.15147
2103.16150
2104.03252
2104.04918
2104.05422
2104.07537
2104.08236
2104.08281
2104.08312
2104.09907
2104.10068
2104.10125
2104.10272
2104.10916
2104.11452
2104.11595
2104.12134
2104.12574
2104.13132
2104.14012
2104.14277
2105.00839
2105.08310
2105.08877
2105.09881
2105.10700
2105.11650
2105.11982
2105.12065
2105.12196
2105.12785
2105.13472
2105.14069
2106.00170
2106.00173
2106.00175
2106.00359
2106.01345
2106.01786
2106.01972
2106.02039
2106.03589
2106.04028
2106.05174
2106.05799
2106.06427
2106.07197
2106.08460
2106.11397
2106.12059
2106.14345
2107.01854
2107.03090
2107.05335
2107.06268
2107.06495
2107.07451
2107.07561
2107.08732
2107.08827
2108.00821
2108.02082
2108.02140
2108.02419
2108.03210
2108.05796
2108.05955
2108.07728
2108.08797
2108.11139
2109.00378
2109.01305
2109.04720
2109.04941
2109.06625
2109.07581
2109.08051
2109.09287
2109.09871
2109.10814
2109.10817
2109.11064
2109.12990
2109.13743
2109.13977
2109.14306
2109.15046
2109.15110
2109.15239
2110.00001
2110.00637
2110.00864
2110.01527
2110.03090
2110.03874
2110.04321
2110.05750
2110.07953
2110.13561
2110.14632
2111.02859
2111.02874
2111.06314
2111.08140
2111.08230
2111.08560
2111.09695
2111.12340
2111.12535
2111.15365
2112.00627
2112.01016
2112.01267
2112.04379
2112.06751
2112.07002
2112.08217
2112.11262
2112.11384
2112.13001
2112.13593
2112.14451
2112.14649
2112.14846
2201.01168
2201.03387
2201.03398
2201.04024
2201.04480
2201.04965
2201.05249
2201.08671
2201.11533
2202.00211
2202.00583
2202.00769
2202.00804
2202.03034
2202.05403
2202.08500
2202.08756
2202.09102
2202.09481
2202.10085
2202.11834
2202.13749
2203.02281
2203.03003
2203.03279
2203.07029
2203.07531
2203.08489
2203.10706
2203.14567
2204.00003
2204.03589
2204.04049
2204.04143
2204.06259
2204.06859
2204.08276
2204.08573
2204.10185
2204.11142
2204.11777
2204.13087
2205.00694
2205.02668
2205.02977
2205.03555
2205.04173
2205.04343
2205.04511
2205.07193
2205.08913
2205.09991
2205.10599
2205.10746
2205.10949
2205.13532
2205.14977
2206.01038
2206.01210
2206.01899
2206.02397
2206.02993
2206.07212
2206.09034
2206.09258
2206.09654
2206.10323
2206.10926
2206.11258
2206.11578
2206.12716
2206.13222
2206.13246
2206.13580
2206.14786
2206.15241
2207.00528
2207.00585
2207.02847
2207.05114
2207.07318
2207.08635
2207.08924
2207.11709
2207.12147
2207.13191
2207.13287
2207.13747
2207.13770
2207.14124
2208.00139
2208.00671
2208.02814
2208.04360
2208.04897
2208.06972
2208.08135
2208.08598
2208.12305
2209.00451
2209.00588
2209.01697
2209.02292
2209.03013
2209.05742
2209.06346
2209.06999
2209.07274
2209.07528
2209.07581
2209.08778
2209.12248
2209.13154
2209.14594
2210.00507
2210.03700
2210.06327
2210.06866
2210.08289
2210.11010
2210.11802
2210.16315
2211.02104
2211.02417
2211.02556
2211.04459
2211.04534
2211.06052
2211.07173
2211.09510
2211.12507
2211.15622
2211.15657
2211.15734
2212.03281
2212.03463
2212.08116
2212.10904
2212.11041
2212.12015
2212.12092
2212.12504
2301.04001
2301.04104
2301.04251
2301.05522
2301.06057
2301.11797
2301.11898
2301.12736
2301.13052
2301.13576
2301.13594
2302.06569
2302.08981
2302.09276
2302.13386
2302.13979
2303.01111
2303.01318
2303.04963
2303.05000
2303.05774
2303.06021
2303.10895
2303.11174
2303.11536
2303.12385
2303.12401
2303.13660
2303.14857
2303.16648
2303.16741
2303.16776
2303.17610
2303.17707
2303.17863
2304.01239
2304.01426
2304.01538
2304.03870
2304.04437
2304.05170
2304.05242
2304.05294
2304.06333
2304.06489
2304.08272
2304.09078
2304.09918
2304.11732
2305.01582
2305.02968
2305.03403
2305.03623
2305.03780
2305.03835
2305.03851
2305.05423
2305.09126
2305.09458
2305.14037
2305.14612
2305.14656
2305.16735
2305.17601
2306.01740
2306.04948
2306.05285
2306.06252
2306.06803
2306.08206
2306.08693
2306.08946
2306.11168
2306.13491
2306.16061
2306.17006
2307.01037
2307.02035
2307.02139
2307.02188
2307.02752
2307.03353
2307.05199
2307.05825
2307.08768
2307.10303
2307.10411
2307.11179
2307.11755
2307.11777
2307.11780
2307.13700
2307.13807
2307.15422
2307.16642
2307.16895
2308.01523
2308.02414
2308.02507
2308.03810
2308.05263
2308.05460
2308.05566
2308.06279
2308.08644
2308.10231
2308.10328
2308.11142
2308.12199
2308.14339
2308.15443
2308.15559
2309.00590
2309.00756
2309.01641
2309.01769
2309.03640
2309.03808
2309.06248
2309.07141
2309.07708
2309.07856
2309.08431
2309.10049
2309.12333
2309.12696
2309.12951
2309.14390
2309.14807
2309.15253
2310.01748
2310.03417
2310.03630
2310.05651
2310.08249
2310.10386
2310.10553
2310.10855
2310.11459
2310.11499
2310.12145
2310.13719
2310.14770
2310.14772
2310.17493
2310.19343
2311.00085
2311.02971
2311.03490
2311.08007
2311.10051
2311.12379
2311.12436
2311.13707
2311.14642
2311.17295
2312.00076
2312.00396
2312.00792
2312.04338
2312.04711
2312.06005
2312.08528
2312.09466
2312.09689
2312.10331
2312.11955
2312.12700
2312.13619
2401.00282
2401.01003
2401.01505
2401.02601
2401.02919
2401.05451
2401.06086
2401.06412
2401.06479
2401.07018
2401.08718
2401.09940
2401.14964
2401.15161
2401.16235
2401.16392
2401.17743
2402.00163
2402.01914
2402.02623
2402.03035
2402.04143
2402.04898
2402.06062
2402.06815
2402.06820
2402.06863
2402.07307
2402.07357
2402.07811
2402.08328
2402.09098
2402.10979
2402.11191
2402.12149
2402.12400
2402.14021
2402.15391
2402.15588
2402.15862
2402.16300
2402.16345
2402.17459
2402.17930
2403.03862
2403.04873
2403.06307
2403.06810
2403.07908
2403.10826
2403.11016
2403.12385
2403.12786
2403.12977
2403.13821
2403.13893
2403.14721
2403.14769
2403.15562
2403.16282
2403.19817
2404.00030
2404.00178
2404.00245
2404.01909
2404.02270
2404.04213
2404.06243
2404.06332
2404.06587
2404.06626
2404.10495
2404.11350
2404.12215
2404.12499
2404.13868
2404.15018
2404.15231
2404.15478
2404.16963
2404.18400
2404.19383
2405.00158
2405.01112
2405.01598
2405.02412
2405.03747
2405.04101
2405.07030
2405.07354
2405.09405
2405.09865
2405.10247
2405.10453
2405.11802
2405.12588
2405.13397
2405.13896
2405.14397
2405.15832
2405.16296
2405.17214
2405.17547
2405.17680
2405.20957
2406.00814
2406.01273
2406.02141
2406.03258
2406.03321
2406.04062
2406.05869
2406.07451
2406.09597
2406.11584
2406.12084
2406.12913
2406.13749
2406.14877
2406.14904
2406.15760
2406.16171
2406.17947
2406.18530
2406.19222
2406.19563
2406.19852
2407.00144
2407.00187
2407.00650
2407.01916
2407.02236
2407.02548
2407.03672
2407.03705
2407.04491
2407.07116
2407.08508
2407.13008
2407.13109
2407.13438
2407.13845
2407.14495
2407.15900
2407.16076
2407.17832
2407.19686
2407.20028
2407.20085
2408.00785
2408.01544
2408.01603
2408.02520
2408.05123
2408.06797
2408.08331
2408.09178
2408.10867
2408.10878
2408.11847
2408.14837
2408.15251
2409.00584
2409.00629
2409.01493
2409.01874
2409.03301
2409.03940
2409.04196
2409.04665
2409.04889
2409.05052
2409.05192
2409.05714
2409.07360
2409.07569
2409.08172
2409.09231
2409.09607
2409.09754
2409.09884
2409.10176
2409.10443
2409.11506
2409.12783
2409.13098
2409.13334
2409.13888
2409.13934
2409.14543
2409.16599
2409.17077
2409.17129
2409.17239
2409.18433
2409.18645
2410.00943
2410.01304
2410.01307
2410.01437
2410.02519
2410.02831
2410.05431
2410.07401
2410.08474
2410.08563
2410.08967
2410.09068
2410.09133
2410.09180
2410.09190
2410.09954
2410.10736
2410.11078
2410.15564
2410.16333
2410.17785
2410.18424
2410.21484
2410.23001
2410.23283
2410.24029
2411.00862
2411.01266
2411.02000
2411.02954
2411.03859
2411.04501
2411.04740
2411.05661
2411.06080
2411.06391
2411.06725
2411.08216
2411.08901
2411.09085
2411.10582
2411.11012
2411.12502
2411.12509
2411.15075
2411.15721
2411.16216
2411.16805
2411.17450
2411.17900
2411.18374
2412.02798
2412.03190
2412.06794
2412.08840
2412.09430
2412.10245
2412.10298
2412.10871
2412.11158
2412.11799
2412.12990
2412.14019
2412.14144
2412.15673
2412.15832
2412.16454
2412.19215
2412.20733
2412.21181
2501.00933
2501.01779
2501.02505
2501.05873
2501.08397
2501.08710
2501.10049
2501.10299
2501.10302
2501.13347
2501.14755
2501.16565
2501.17046
2501.17711
2501.18606
2502.00560
2502.01613
2502.02579
2502.02785
2502.03342
2502.04935
2502.06707
2502.06884
2502.07255
2502.07491
2502.07528
2502.08430
2502.08511
2502.08565
2502.08621
2502.09155
2502.09460
2502.10985
2502.14710
2502.15298
2502.16859
2502.21085
2502.21242
2503.00458
2503.02137
2503.02180
2503.04470
2503.04499
2503.07498
2503.07499
2503.07789
2503.08100
2503.09737
2503.11181
2503.11815
2503.12950
2503.14434
2503.15318
2503.16470
2503.16557
2503.16953
2503.17927
2503.18282
2503.18589
2503.19355
2503.19809
2503.20082
2503.21067
2503.21713
2503.22740
2503.23782
2504.00767
2504.01781
2504.06163
2504.06574
2504.07291
2504.08110
2504.08175
2504.08222
2504.08747
2504.08764
2504.09759
2504.09953
2504.10106
2504.10415
2504.10936
2504.11442
2504.12021
2504.12100
2504.13286
2504.15072
2504.16572
2504.17365
2504.19612
2504.20052
2504.20061
2504.20877
2505.00724
2505.01402
2505.01902
2505.02170
2505.02990
2505.03291
2505.03475
2505.03991
2505.04198
2505.05120
2505.08342
2505.11566
2505.11841
2505.16630
2505.18939
2505.20859
2505.21275
2505.21543
2505.22422
2505.22538
2505.23437
2505.24783
2506.00178
2506.00180
2506.00348
2506.01373
2506.02351
2506.03057
2506.03335
2506.03390
2506.04282
2506.05866
2506.07860
2506.09287
2506.11399
2506.13687
2506.15578
2506.16253
2506.16696
2506.16838
2506.20621
2506.21253
2506.21802
2506.22350
2506.22450
2506.23424
2507.00028
2507.00333
2507.01430
2507.02827
2507.02904
2507.02906
2507.04211
2507.04929
2507.05470
2507.05994
2507.06122
2507.08108
2507.08132
2507.08526
2507.08921
2507.09098
2507.09200
2507.10129
2507.10626
2507.10969
2507.11642
2507.12504
2507.12657
2507.12905
2507.12937
2507.14657
2507.14809
2507.15079
2507.15320
2507.16348
2507.17844
2507.18404
2507.18937
2507.20763
2507.22438
2507.22472
2507.23215
2508.00200
2508.02725
2508.04008
2508.05891
2508.07136
2508.07464
2508.07556
2508.07617
2508.08080
2508.09238
2508.09650
2508.09992
2508.10281
2508.11569
2508.11711
2508.12019
2508.12695
2508.13362
2508.13507
2508.14065
2508.14667
2508.15299
2508.15956
2508.16598
2508.17157
2508.17611
2508.18787
2508.18868
2508.19494
2508.19647
2508.19848
2508.21622
2509.00863
2509.00973
2509.01243
2509.02722
2509.02784
2509.04203
2509.04546
2509.05334
2509.05913
2509.08744
2509.12592
2509.13141
2509.14645
2509.16095
2509.16280
2509.18387
2509.20083
2509.21514
2509.22111
2509.22683
2509.23455
2509.24606
2509.25858
2509.26088
2509.26325
2509.26610
2510.01810
2510.03808
2510.04303
2510.04516
2510.04739
2510.09187
2510.11397
2510.12749
2510.13327
2510.14723
2510.15405
2510.15487
2510.15983
2510.16008
2510.17641
2510.17915
2510.18173
2510.18193
2510.19110
2510.19672
2510.20454
2510.21335
2510.22681
2510.26456
2511.00121
2511.00584
2511.00615
2511.02815
2511.03279
2511.03467
2511.03732
2511.04126
2511.04361
2511.04855
2511.06499
2511.07250
2511.07703
2511.09457
2511.09502
2511.12606
2511.14186
2511.14537
2511.16183
2511.17045
2511.17535
2511.17610
2511.17733
2511.18248
2511.18730
2511.18838
2511.19629
2511.22384
2511.23072
2512.00203
2512.00312
2512.00342
2512.01075
2512.01723
2512.01853
2512.02651
2512.02789
2512.04407
2512.05103
2512.05271
2512.08591
2512.08824
2512.09054
2512.11668
2512.14727
2512.14779
2512.15269
2512.15386
2512.16961
2512.16968
2512.17266
2512.17446
2512.18013
2512.18467
2512.19327
2512.19740
2512.21791
2512.21798
2512.22254
2512.24139
2601.00216
2601.00421
2601.00748
2601.02882
2601.03099
2601.03974
2601.06053
2601.06112
2601.06647
2601.07158
2601.07980
2601.09673
2601.09999
2601.11492
2601.11825
2601.12896
2601.14727
2601.15000
2601.18509
2601.18774
2601.18815
2601.19479
2601.20452
2601.20661
2601.22570
2602.02321
2602.03049
2602.03325
2602.03767
2602.04714
2602.07030
2602.07633
2602.09982
2602.10784
2602.11379
2602.11492
2602.11668
2602.15181
2602.15673
2602.16137
2602.16830
2602.17043
2602.17918
2602.18541
2602.18981
2602.19333
2602.19513
2602.19520
2602.21173
2602.22073
2602.22527
2602.23233
2602.23288
2603.00095
2603.02574
2603.04864
2603.04999
2603.06863
2603.08206
2603.08907
2603.09947
2603.10452
2603.10916
2603.11016
2603.11474
2603.11750
2603.11928
2603.13397
2603.13581
2603.14629
2603.14991
2603.15212
2603.17471
2603.17866
2603.18071
2603.18277
2603.19551
2603.21163
2603.21716
2603.22000
2603.22596
2603.22620
2603.23339
2603.24015
2603.24704
2603.25199
2603.25901
2603.26620
2603.26935
2603.28931
2603.29333
2604.01318
2604.01491
2604.02447
2604.03840
2604.03888
2604.04673
2604.04947
2604.08251
2604.08722
2604.09143
2604.10005
2604.11577
2604.13052
2604.13796
2604.13861
2604.14321
2604.14534
2604.16716
2604.16870
2604.17065
2604.17111
2604.17194
2604.17567
2604.17577
2604.18210
2604.19026
2604.19340
2604.21087
2604.24366
2604.24517
2604.24723
2604.25280
2604.27041
2604.27149
2604.27865
2605.00459
2605.00493
2605.00585
2605.00864
2605.01506
2605.02287
2605.02611
2605.02761
2605.04724
2605.05096
2605.05487
2605.06068
2605.08989
2605.09599
2605.10717
2605.12437
2605.14855
2605.16066
2605.16405
2605.20134
2605.23650
2605.23790
2605.23854
2605.24445
2605.24756
2605.26105
2605.28313
2605.29395
2605.30209
2605.30552
2605.30619
2605.30808
2605.31529
2606.00112
2606.01504
2606.01561
2606.02547
2606.02663
2606.03805
2606.04387
2606.04900
2606.07433
2606.07492
2606.07811
2606.08587
2606.09043
2606.09327
2606.09380
2606.09679
2606.09941
2606.10078
2606.10568
2606.11120
2606.13033
2606.13221
2606.13598
2606.14631
2606.16356
2606.17006
2606.17056
2606.17312
2606.17345
2606.18451
2606.18686
2606.19642
2606.21146
2606.21749
2606.23448
2606.24096
2606.24146
2606.24171
2606.24391
2606.24715
2606.26267
2606.26497
2606.27274
2606.29203
2606.30271
2606.31032
2606.31621
2606.31711
2606.31935
2607.00164
2607.00190
2607.01722
2607.02104
2607.02722
2607.04389
2607.04590
2607.06166
2607.06495
2607.06989
2607.07320
2607.08199
2607.08725
2607.08744
2607.09505
2607.10998
2607.11432
2607.11548
2607.14051
2607.14180
2607.14430
2607.15483
2607.15552
2607.15766
2607.15899
2607.16675
2607.17525
2607.17953
2607.17991
2607.18009
2607.18084
2607.18269
2607.18299
2607.18461
2607.19783
2607.21079
2607.22221
2607.23120
2607.23165
2607.23509
2607.23806
2607.24573
2607.24875
2607.26061
2607.27143
2607.27458
2607.28092
2607.28178
2607.28890
2608.00127
2608.00193
2608.00666
2608.01494
2608.02081
2608.02285
2608.02617
2608.02739
2608.03416
2608.03528
2608.04819
2608.05030
2608.05207
2608.05560
2608.05859
2608.06635
2608.06955
2608.06967
2608.07168
2608.07498
2608.07513
2608.07795
2608.07932
2608.08491
2608.09108
2608.09586
2608.09824
2608.09887
2608.10045
2608.10567
2608.10620
2608.11203
2608.11228
2608.11505
2608.12110
2608.12291
2608.12998
2608.13886
2608.14377
2608.14683
2608.14696
2608.15688
2608.16710
2608.16814
2608.17333
2608.17481
2608.17485
2608.19454
2608.20511
2608.21530
2608.21591
2608.23393
2608.23395
2608.23776
2608.23859
2608.25126
2608.25200
2608.25350
2608.25940
2608.27362
2608.28116
2608.28482
2608.28598
2608.29930
2609.00905
2609.01337
2609.01708
2609.02854
2609.03790
2609.04754
2609.05561
2609.06005
2609.06610
2609.06739
2609.06945
2609.07379
2609.07512
2609.07559
2609.07617
2609.08060
2609.08082
2609.08249
2609.10042
2609.10498
2609.10589
2609.12468
2609.12651
2609.12878
2609.13100
2609.13564
2609.14239
2609.15309
2609.16538
2609.17857
2609.19002
2609.19035
2609.19526
2609.20017
2609.21674
2609.22048
2609.22632
astro-ph/0201205
cond-mat/0110605
hep-ph/9208243
hep-ph/9310269
math/0106056
math/0509698
nlin/0512015
physics/0505118
physics/0512143
physics/0601166
physics/0606016
physics/0607064
physics/0607166
physics/0608007
physics/0608228
q-bio/0406024
